0 0.265785 0.617133 0.0870724 0.122711
0 0.339265 0.560517 0.0868469 0.120629
0 0.113096 0.327427 0.0816802 0.0946779
0 0.361457 0.472932 0.0860706 0.110046
0 0.191414 0.340486 0.0810268 0.0965604
0 0.18074 0.633806 0.0814237 0.120066
0 0.0690105 0.3972 0.0775045 0.0835619
0 0.346 0.338486 0.0785533 0.0861021
0 0.269628 0.365552 0.0776277 0.0764165
0 0.116626 0.606273 0.081992 0.120269
0 0.0735036 0.48888 0.0896117 0.108768
0 0.219507 0.461367 0.373055 0.447697
0 0.191266 0.452556 0.0863251 0.115396
0 0.277995 0.500847 0.0836898 0.110852
0 0.260551 0.424558 0.0508893 0.0524369
0 0.188022 0.267041 0.0820877 0.0655862
0 0.0511585 0.581031 0.0907921 0.118271
0 0.153345 0.521201 0.0608056 0.0815518
0 0.274202 0.297534 0.0833678 0.088072
0 0.68876 0.439872 0.562041 0.483527
