0 0.603728 0.356537 0.163342 0.161608
0 0.780563 0.196315 0.0821302 0.231572
0 0.180449 0.671078 0.111343 0.225767
0 0.726298 0.279446 0.099787 0.343178
0 0.33971 0.663717 0.0945906 0.196451
0 0.858015 0.314811 0.100761 0.154221
0 0.609554 0.481809 0.259765 0.10744
4 0.0411176 0.112645 0.0822352 0.21423
0 0.822081 0.394331 0.0887856 0.159991
0 0.659536 0.159609 0.185543 0.202686
0 0.758506 0.675895 0.1178 0.374286
0 0.277052 0.200496 0.13498 0.285921
0 0.654195 0.0518396 0.177016 0.102815
0 0.160539 0.226487 0.16927 0.14551
0 0.0466232 0.608409 0.0732503 0.228077
0 0.169253 0.0876559 0.146923 0.175312
4 0.655402 0.0520283 0.178307 0.104057
4 0.431814 0.0655925 0.0821524 0.131185
4 0.327184 0.0609969 0.127731 0.121994
4 0.0992913 0.0311752 0.14403 0.0622661
0 0.432623 0.065457 0.0801554 0.130914
0 0.328268 0.0605272 0.125841 0.121054
