0 0.130554 0.697451 0.0678507 0.0690269
2 0.867512 0.736422 0.153751 0.525302
2 0.661073 0.827067 0.119884 0.338242
0 0.341677 0.543739 0.0572224 0.0576269
0 0.467608 0.60373 0.0586512 0.0937302
0 0.662776 0.629697 0.0788214 0.0634096
2 0.231217 0.832552 0.110988 0.334897
2 0.257175 0.580708 0.236709 0.526922
2 0.131859 0.869512 0.122531 0.260925
0 0.63673 0.047078 0.165085 0.0941559
2 0.576965 0.7602 0.107525 0.375436
2 0.581281 0.9503 0.192555 0.0992134
2 0.35916 0.946463 0.125453 0.107073
2 0.576394 0.702752 0.106198 0.260177
0 0.884628 0.439632 0.0565521 0.0459116
0 0.253863 0.255675 0.0712199 0.0509789
2 0.719688 0.611817 0.149639 0.448252
0 0.355903 0.654456 0.0603251 0.0631105
2 0.669549 0.394436 0.363142 0.602063
2 0.491541 0.826406 0.179652 0.347059
2 0.466852 0.817667 0.133022 0.33625
0 0.253756 0.275781 0.0860104 0.0936293
0 0.58496 0.547535 0.0542803 0.0378673
