4 0.345554 0.617543 0.158991 0.215417
4 0.120343 0.432592 0.152296 0.212095
4 0.878892 0.420165 0.154047 0.217645
4 0.196094 0.707587 0.205236 0.25851
4 0.805384 0.700294 0.202099 0.249487
4 0.627369 0.620359 0.156859 0.218015
4 0.200074 0.369833 0.133468 0.192019
4 0.426899 0.307078 0.107171 0.16863
4 0.674818 0.318404 0.122302 0.177532
4 0.311325 0.325986 0.123806 0.17673
4 0.787843 0.357246 0.128782 0.187666
4 0.489186 0.581651 0.109989 0.15421
4 0.54957 0.300985 0.111399 0.166551
4 0.46404 0.783415 0.239117 0.20298
4 0.53155 0.791472 0.102643 0.194817
