0 0.471756 0.155927 0.118874 0.260457
0 0.483737 0.412219 0.106231 0.243566
1 0.482871 0.409317 0.110279 0.253542
0 0.302089 0.158891 0.132589 0.294907
0 0.176768 0.157493 0.175913 0.31457
1 0.599458 0.600041 0.0962832 0.220694
2 0.203647 0.773649 0.177112 0.302182
1 0.391493 0.687135 0.134035 0.273126
1 0.474065 0.652038 0.119684 0.247137
1 0.308174 0.456975 0.142828 0.293309
1 0.398421 0.430534 0.123969 0.286034
0 0.328825 0.738859 0.0988831 0.277279
0 0.605952 0.381459 0.0870955 0.225916
0 0.193391 0.46952 0.171162 0.32329
0 0.203217 0.773567 0.174417 0.305359
1 0.327684 0.738521 0.102177 0.279425
0 0.482051 0.882246 0.0922551 0.235507
1 0.549442 0.396915 0.1008 0.249064
