0 0.380602 0.704668 0.144231 0.286094
0 0.592424 0.700967 0.124822 0.295302
0 0.168638 0.249654 0.148136 0.307182
0 0.807317 0.26141 0.188561 0.283223
0 0.168006 0.711427 0.14578 0.274348
0 0.381339 0.269944 0.189651 0.266997
0 0.805902 0.683362 0.132762 0.323583
0 0.806667 0.501814 0.0482069 0.0337078
0 0.595446 0.274635 0.119166 0.254587
0 0.785004 0.0944587 0.0654686 0.0485021
0 0.594182 0.52814 0.0653675 0.048813
0 0.154934 0.0730683 0.0472216 0.055452
0 0.381799 0.547286 0.0531354 0.0297672
0 0.380385 0.109666 0.0722952 0.0483365
0 0.595619 0.140121 0.0480995 0.026196
0 0.166922 0.552836 0.0732095 0.0419815
