2 0.234796 0.641945 0.204088 0.178721
0 0.746911 0.391748 0.165974 0.134236
2 0.661434 0.68617 0.134239 0.0972501
2 0.843333 0.801622 0.204663 0.111976
0 0.509227 0.636369 0.215118 0.10153
2 0.236024 0.848344 0.125101 0.247484
2 0.168561 0.710451 0.190217 0.056139
2 0.114002 0.779972 0.226698 0.118555
2 0.210585 0.541602 0.252457 0.14084
0 0.637087 0.47958 0.0334131 0.0288053
2 0.370692 0.676981 0.124933 0.220995
2 0.576479 0.345741 0.105742 0.0390368
2 0.635224 0.444177 0.0849036 0.105608
0 0.665226 0.572818 0.0412592 0.0266466
2 0.463522 0.796826 0.142242 0.0937233
0 0.709342 0.526549 0.115868 0.102378
