4 0.875785 0.818214 0.24843 0.189516
4 0.545237 0.473893 0.765529 0.401737
4 0.629245 0.822246 0.248498 0.188971
3 0.179536 0.100425 0.219427 0.166021
4 0.780373 0.230412 0.430598 0.460825
3 0.435297 0.101288 0.228542 0.169681
4 0.178737 0.0957901 0.221992 0.166209
4 0.471249 0.420445 0.582967 0.297241
4 0.436547 0.107793 0.228305 0.182027
4 0.228864 0.233654 0.249109 0.173142
4 0.564924 0.235416 0.228136 0.17664
1 0.35521 0.596734 0.570171 0.369129
4 0.321978 0.0313621 0.250416 0.0627242
4 0.509073 0.53792 0.78771 0.532026
2 0.354232 0.600961 0.558104 0.377838
