5 0.227966 0.488869 0.121841 0.137499
5 0.363171 0.0930331 0.0908751 0.109155
5 0.712787 0.285544 0.135782 0.0988674
5 0.082107 0.287228 0.0800811 0.145278
5 0.875223 0.2852 0.139977 0.0973353
5 0.631638 0.0934364 0.0930177 0.0995144
5 0.401853 0.687543 0.124258 0.118492
5 0.489175 0.0985294 0.106208 0.116166
5 0.241477 0.68685 0.117172 0.131311
5 0.767052 0.098784 0.0988241 0.104752
5 0.391502 0.277385 0.135344 0.110999
5 0.557076 0.683988 0.123026 0.102309
5 0.554383 0.289881 0.146352 0.101684
5 0.0955179 0.695193 0.107975 0.124769
5 0.219346 0.0969349 0.109064 0.116201
5 0.891053 0.476847 0.125469 0.150019
5 0.228376 0.28107 0.107268 0.155648
5 0.0783244 0.0959633 0.12414 0.11028
5 0.375537 0.484813 0.112352 0.13791
5 0.712693 0.486624 0.147724 0.147202
5 0.881361 0.671568 0.127489 0.110272
5 0.714718 0.684363 0.111679 0.127401
5 0.0832685 0.481215 0.13322 0.136126
5 0.907562 0.0937336 0.100468 0.0901627
5 0.24728 0.868532 0.131735 0.0967943
5 0.0983502 0.884713 0.134778 0.130354
5 0.41223 0.87184 0.141426 0.119478
5 0.912063 0.860892 0.150747 0.0881954
5 0.549854 0.875955 0.123798 0.0976759
5 0.744851 0.862118 0.159637 0.0761574
5 0.206774 0.112151 0.0640822 0.0851959
5 0.632313 0.858352 0.0504454 0.066091
5 0.5184 0.460513 0.0723415 0.112925
5 0.524376 0.477863 0.0834086 0.150165
5 0.585246 0.47983 0.0752156 0.144496
5 0.552707 0.478966 0.166006 0.145943
5 0.578609 0.47709 0.0498949 0.144078
