4 0.515186 0.177764 0.200426 0.253698
4 0.290102 0.171911 0.200968 0.302517
4 0.261018 0.399714 0.182956 0.304848
4 0.125036 0.468415 0.191866 0.224971
4 0.716765 0.275755 0.197471 0.386735
4 0.633484 0.443149 0.199001 0.327058
4 0.441133 0.408829 0.185068 0.27617
4 0.549323 0.889592 0.191463 0.220816
4 0.904937 0.317898 0.190126 0.366811
4 0.262504 0.347909 0.181905 0.202282
4 0.339869 0.533307 0.243199 0.258646
4 0.171741 0.61714 0.197988 0.17115
4 0.091993 0.183572 0.180298 0.355276
4 0.484395 0.700588 0.260226 0.351114
4 0.832911 0.486858 0.232811 0.321531
4 0.492832 0.902538 0.125166 0.194374
4 0.771249 0.79727 0.30191 0.386929
4 0.483208 0.634476 0.258843 0.21708
4 0.0837161 0.404371 0.160464 0.361685
4 0.34084 0.495582 0.241707 0.181385
4 0.577654 0.889013 0.134381 0.221974
4 0.443505 0.338443 0.178308 0.13385
4 0.2637 0.320469 0.180352 0.141853
4 0.290499 0.127065 0.198673 0.21354
4 0.722552 0.81524 0.199499 0.324629
