0 0.439472 0.123623 0.152408 0.246721
0 0.137984 0.344675 0.256456 0.308888
0 0.710449 0.121483 0.11412 0.242965
0 0.835385 0.376769 0.135183 0.179453
0 0.877416 0.122675 0.245168 0.245045
0 0.414034 0.336183 0.0782787 0.0993612
0 0.59004 0.124696 0.152817 0.248695
0 0.190122 0.568345 0.167829 0.155681
0 0.3558 0.405057 0.0863022 0.108138
0 0.135059 0.816508 0.263636 0.366106
0 0.836629 0.111939 0.156745 0.223877
0 0.55847 0.780775 0.0501169 0.0715468
0 0.188505 0.125374 0.207696 0.250747
0 0.35291 0.700403 0.0381049 0.0520921
0 0.0807165 0.555075 0.161433 0.23322
0 0.605361 0.424086 0.049164 0.0757879
0 0.867806 0.51734 0.0901642 0.107064
0 0.7918 0.800587 0.089929 0.130167
0 0.607313 0.782928 0.0496214 0.0744378
0 0.34731 0.753465 0.0417084 0.0560229
0 0.474841 0.321032 0.038501 0.0519427
0 0.846328 0.628747 0.0526508 0.0700951
0 0.688964 0.337183 0.0402689 0.053645
0 0.443176 0.808951 0.0460415 0.0678022
0 0.463923 0.662954 0.0385255 0.0497815
0 0.451565 0.47538 0.0581476 0.0843588
0 0.605173 0.0469679 0.0594644 0.0835799
0 0.660466 0.430268 0.0613815 0.0899654
0 0.650693 0.886663 0.0425023 0.0602585
0 0.729788 0.760117 0.0376104 0.0511982
0 0.107754 0.75931 0.0650169 0.0948023
0 0.383743 0.805105 0.0396788 0.055345
0 0.885285 0.036241 0.062236 0.072482
0 0.59725 0.358283 0.038787 0.0549984
0 0.481974 0.611379 0.0453036 0.0623581
0 0.506141 0.809468 0.0475145 0.0685341
0 0.438682 0.407858 0.0365482 0.0525564
0 0.618273 0.841882 0.0353748 0.0485579
0 0.523893 0.361433 0.041362 0.063102
0 0.507641 0.524929 0.040321 0.0595989
0 0.734587 0.375246 0.0399223 0.0550406
0 0.559274 0.331021 0.0416681 0.0554764
0 0.642574 0.518782 0.037015 0.0482115
0 0.665359 0.781023 0.0409934 0.0583372
0 0.716396 0.608032 0.37541 0.61485
0 0.683464 0.510103 0.0423235 0.054182
0 0.820358 0.718092 0.0332653 0.0534178
0 0.490092 0.724558 0.0468534 0.0690815
0 0.746301 0.860217 0.0437174 0.0625885
0 0.727269 0.677518 0.0367267 0.0545506
0 0.347569 0.56376 0.0384904 0.0494718
0 0.470364 0.552326 0.0466015 0.0620529
0 0.711083 0.420869 0.0356595 0.0479465
0 0.475672 0.416056 0.0329803 0.0487072
