0 0.511319 0.838601 0.145264 0.285088
0 0.758824 0.816634 0.0700159 0.318941
0 0.654016 0.878174 0.117156 0.207706
0 0.417648 0.601419 0.0641487 0.105038
0 0.42572 0.342157 0.0945471 0.121025
0 0.317118 0.800316 0.143345 0.313567
0 0.249004 0.75117 0.120772 0.402671
0 0.386562 0.812365 0.115357 0.320246
0 0.655977 0.574716 0.104506 0.0883043
0 0.759242 0.529705 0.0818264 0.0606491
0 0.770457 0.739406 0.133215 0.354696
0 0.332059 0.593152 0.063577 0.107989
0 0.29657 0.800138 0.105241 0.306129
0 0.510243 0.755072 0.146846 0.444186
0 0.61579 0.359703 0.217975 0.380078
0 0.615492 0.122049 0.0594633 0.0885839
0 0.529497 0.562673 0.0956879 0.111938
0 0.22837 0.330434 0.149821 0.130363
0 0.847146 0.687893 0.131735 0.50269
