5 0.361613 0.224558 0.111293 0.164292
5 0.572758 0.0976213 0.0758673 0.195243
5 0.217556 0.253768 0.113089 0.146508
5 0.644261 0.266928 0.112706 0.0917746
5 0.479986 0.0943405 0.0597729 0.188681
5 0.192937 0.82686 0.377123 0.266413
5 0.686354 0.107188 0.0763372 0.205637
5 0.798945 0.231253 0.0548689 0.189306
5 0.868017 0.878628 0.0529057 0.189429
5 0.488793 0.157001 0.908228 0.314003
5 0.543815 0.274934 0.0659004 0.0929144
5 0.889177 0.267341 0.120085 0.11523
5 0.412954 0.0897762 0.0780711 0.179552
5 0.211335 0.135497 0.106718 0.0817919
5 0.65103 0.587055 0.16309 0.15104
