5 0.389702 0.50658 0.133371 0.131083
5 0.150514 0.0966507 0.221791 0.108308
5 0.620368 0.899601 0.17281 0.145401
5 0.625901 0.311244 0.121684 0.179455
5 0.151227 0.678267 0.214207 0.131681
5 0.390421 0.689947 0.08421 0.150429
5 0.851926 0.683642 0.256232 0.125102
5 0.153001 0.513521 0.196684 0.133079
5 0.397557 0.309778 0.128998 0.196467
5 0.616572 0.681215 0.136244 0.176303
5 0.61733 0.0918025 0.137926 0.157606
5 0.157918 0.313686 0.156257 0.198365
5 0.847074 0.103168 0.201085 0.0965431
5 0.858769 0.510097 0.199726 0.122277
5 0.857671 0.904142 0.205535 0.16023
5 0.613793 0.506731 0.206246 0.0660499
5 0.150695 0.606497 0.217214 0.278841
5 0.391696 0.0944233 0.175312 0.125409
5 0.137164 0.892165 0.137009 0.174051
