5 0.668392 0.756722 0.178282 0.112806
5 0.364704 0.580133 0.154483 0.124427
5 0.113329 0.755093 0.0880102 0.10575
5 0.876692 0.578764 0.129987 0.132648
5 0.495745 0.913316 0.172863 0.115951
5 0.862843 0.757179 0.14929 0.121839
5 0.126288 0.91289 0.130239 0.124898
5 0.161207 0.26444 0.165682 0.101722
5 0.549588 0.260537 0.211189 0.125535
5 0.154696 0.420302 0.182379 0.114641
5 0.134549 0.576816 0.137071 0.103333
5 0.847366 0.0820318 0.184495 0.157006
5 0.300435 0.755424 0.173461 0.11074
5 0.857715 0.426228 0.18954 0.120362
5 0.376955 0.0825149 0.180086 0.155455
5 0.350805 0.42468 0.143806 0.107694
5 0.624493 0.582212 0.288063 0.127832
5 0.346903 0.261366 0.150677 0.123574
5 0.477429 0.757277 0.164466 0.127428
5 0.609171 0.0863982 0.188452 0.157959
5 0.305678 0.912414 0.104614 0.126437
5 0.305015 0.883826 0.103655 0.0707491
5 0.798107 0.910699 0.262187 0.122297
5 0.157234 0.0848112 0.185459 0.146863
5 0.805058 0.265815 0.289305 0.126815
